%YAML:1.0
calibration_time: "Fri Oct 10 14:18:03 2014"
nframes: 10
image_width: 640
image_height: 480
board_width: 9
board_height: 6
square_size: 2.5000000372529030e-02
flags: 0
camera_matrix: !!opencv-matrix
   rows: 3
   cols: 3
   dt: d
   data: [ 5.5782421957026213e+02, 0., 3.4896000381540603e+02, 0.,
       5.5424422854885484e+02, 2.3549806751223457e+02, 0., 0., 1. ]
distortion_coefficients: !!opencv-matrix
   rows: 5
   cols: 1
   dt: d
   data: [ -3.0210792872178965e-01, 1.9693436063511016e+00,
       8.0796692696075004e-04, 1.9515960267987086e-02,
       -3.0323675295648691e+00 ]
avg_reprojection_error: 1.1549455436612137e+00
per_view_reprojection_errors: !!opencv-matrix
   rows: 10
   cols: 1
   dt: f
   data: [ 1.22056580e+00, 1.15458834e+00, 1.48495936e+00,
       1.16450810e+00, 7.26205528e-01, 1.97694564e+00, 1.05572128e+00,
       4.44145232e-01, 3.89238268e-01, 1.02759242e+00 ]
# a set of 6-tuples (rotation vector + translation vector) for each view
extrinsic_parameters: !!opencv-matrix
   rows: 10
   cols: 6
   dt: d
   data: [ -3.1019379727948587e-01, 1.8538708129739170e-01,
       3.2200091135924355e-02, -1.3259911721389980e-01,
       -7.9060620046389626e-02, 4.2217842935459970e-01,
       -2.3610684048808950e-01, 2.6017985222360668e-01,
       -8.8864591622687741e-03, -1.9034395475026070e-01,
       -7.4792349026640143e-02, 4.3940416674556393e-01,
       -2.6876714389917172e-01, 2.0764326802757166e-01,
       1.3506370056739966e-01, -1.5067987290587914e-01,
       -1.5673406113639254e-01, 3.8824970477538179e-01,
       -2.9006136870631100e-01, 1.4022213784665596e-01,
       6.9334011317937719e-02, -1.5322647304482967e-01,
       -1.2038156056344052e-01, 3.8165614980533813e-01,
       1.8014174166399166e-01, -4.9829547602126704e-02,
       4.8976094093152671e-02, -1.3510581521103343e-01,
       -5.3334741859506277e-02, 3.2473006959657552e-01,
       4.5959891418751536e-01, -3.2294353196233944e-02,
       5.2988576056142815e-02, -1.3754841353429109e-01,
       -3.5153215750772460e-02, 2.3389882329510930e-01,
       -9.3604375312493382e-02, 7.3403269462469820e-02,
       5.2930462199672949e-02, -1.5879947533853947e-01,
       -5.9630254137021110e-02, 2.8991170735171468e-01,
       -3.2510860611380893e-01, 2.4875235491079678e-01,
       1.4585179351712990e-01, -1.0859992186360404e-01,
       6.6569795348530705e-02, 6.1884293981407990e-01,
       -2.0255555206485765e-01, 3.6899863180032749e-01,
       2.4849557894796229e-01, -5.7430552985629761e-02,
       5.8659526210038990e-02, 8.7763048224486817e-01,
       -2.9447789609426939e-01, 4.1331733510016760e-01,
       1.9795857709797574e-01, -1.3950884318605869e-01,
       5.8557944715471023e-02, 8.8179155824984301e-01 ]
image_points: !!opencv-matrix
   rows: 10
   cols: 54
   dt: "2f"
   data: [ 1.77559937e+02, 1.31602356e+02, 2.08304657e+02,
       1.31631165e+02, 2.39541061e+02, 1.31568924e+02, 2.71605072e+02,
       1.31678131e+02, 3.03577942e+02, 1.30559402e+02, 3.36469757e+02,
       1.29186569e+02, 3.70350555e+02, 1.26547424e+02, 4.05440247e+02,
       1.24502281e+02, 4.41925140e+02, 1.23148674e+02, 1.73185394e+02,
       1.61728210e+02, 2.04454346e+02, 1.62244583e+02, 2.36094498e+02,
       1.62506119e+02, 2.68144409e+02, 1.61825714e+02, 3.00509399e+02,
       1.61174500e+02, 3.33564056e+02, 1.59394073e+02, 3.68137939e+02,
       1.57373886e+02, 4.03874634e+02, 1.55325836e+02, 4.41466522e+02,
       1.53753357e+02, 1.68409454e+02, 1.92586075e+02, 2.00056030e+02,
       1.93408493e+02, 2.31701584e+02, 1.93437271e+02, 2.64181763e+02,
       1.93268814e+02, 2.96643677e+02, 1.92185822e+02, 3.30423523e+02,
       1.90956696e+02, 3.65784607e+02, 1.89709457e+02, 4.02399414e+02,
       1.88469315e+02, 4.40669434e+02, 1.86920532e+02, 1.63526337e+02,
       2.24816010e+02, 1.95253357e+02, 2.25534393e+02, 2.27287247e+02,
       2.25782318e+02, 2.59804443e+02, 2.25625549e+02, 2.92992859e+02,
       2.25138580e+02, 3.27594086e+02, 2.24705475e+02, 3.63690033e+02,
       2.24369812e+02, 4.01329010e+02, 2.23936523e+02, 4.40344330e+02,
       2.23333847e+02, 1.58279053e+02, 2.57616608e+02, 1.90274948e+02,
       2.58576324e+02, 2.22341354e+02, 2.59188416e+02, 2.55340027e+02,
       2.59428192e+02, 2.89411194e+02, 2.59602783e+02, 3.24744141e+02,
       2.60009094e+02, 3.61803864e+02, 2.60488464e+02, 4.00202454e+02,
       2.60824341e+02, 4.40236908e+02, 2.61474945e+02, 1.52657104e+02,
       2.91704498e+02, 1.84313202e+02, 2.92729218e+02, 2.16963501e+02,
       2.93807007e+02, 2.50790390e+02, 2.94827606e+02, 2.85674774e+02,
       2.95835724e+02, 3.22183502e+02, 2.97230194e+02, 3.59981659e+02,
       2.98428589e+02, 3.99211029e+02, 2.99723206e+02, 4.39957581e+02,
       3.01210327e+02, 1.11996277e+02, 1.41399948e+02, 1.40342239e+02,
       1.39767502e+02, 1.69103500e+02, 1.38306076e+02, 1.98757904e+02,
       1.36557205e+02, 2.27915451e+02, 1.33712448e+02, 2.57803650e+02,
       1.30717392e+02, 2.88286987e+02, 1.26499710e+02, 3.20351349e+02,
       1.22682571e+02, 3.54077972e+02, 1.19282677e+02, 1.09424110e+02,
       1.71366318e+02, 1.37912308e+02, 1.69960068e+02, 1.66985092e+02,
       1.68686539e+02, 1.96099274e+02, 1.66652832e+02, 2.25372482e+02,
       1.64426636e+02, 2.54882446e+02, 1.61182831e+02, 2.85717987e+02,
       1.57547241e+02, 3.18069641e+02, 1.53714401e+02, 3.52305481e+02,
       1.50510147e+02, 1.06405128e+02, 2.01547607e+02, 1.35222656e+02,
       2.00678543e+02, 1.63604721e+02, 1.99453461e+02, 1.92797348e+02,
       1.97722427e+02, 2.21579697e+02, 1.95290070e+02, 2.51579956e+02,
       1.92584991e+02, 2.83329926e+02, 1.89839371e+02, 3.16101746e+02,
       1.86952560e+02, 3.50522156e+02, 1.83793472e+02, 1.03543823e+02,
       2.32809372e+02, 1.31680298e+02, 2.32254929e+02, 1.60359955e+02,
       2.31314346e+02, 1.89028900e+02, 2.29641159e+02, 2.18223846e+02,
       2.27706070e+02, 2.48993942e+02, 2.26019623e+02, 2.81182739e+02,
       2.24091492e+02, 3.14864532e+02, 2.22205704e+02, 3.49806213e+02,
       2.19887894e+02, 9.98422012e+01, 2.64555695e+02, 1.28265747e+02,
       2.64311981e+02, 1.56320938e+02, 2.63484314e+02, 1.85187851e+02,
       2.62486298e+02, 2.15126862e+02, 2.61466125e+02, 2.46442017e+02,
       2.60450195e+02, 2.79575623e+02, 2.59401642e+02, 3.13745361e+02,
       2.58350922e+02, 3.49876801e+02, 2.57273041e+02, 9.62817459e+01,
       2.97035309e+02, 1.23443840e+02, 2.96937378e+02, 1.51853317e+02,
       2.96824768e+02, 1.81412460e+02, 2.96590576e+02, 2.12081589e+02,
       2.96455292e+02, 2.44454391e+02, 2.96315826e+02, 2.78071991e+02,
       2.96084778e+02, 3.13190674e+02, 2.95808197e+02, 3.49733215e+02,
       2.95653748e+02, 1.35892227e+02, 1.06558447e+01, 1.68692307e+02,
       1.34162254e+01, 2.02308884e+02, 1.60324001e+01, 2.36772141e+02,
       1.90428371e+01, 2.71225311e+02, 2.00097733e+01, 3.06469879e+02,
       2.05606613e+01, 3.42641571e+02, 1.92068691e+01, 3.80686005e+02,
       1.87706966e+01, 4.20447418e+02, 1.92133961e+01, 1.27841599e+02,
       4.30487671e+01, 1.61175980e+02, 4.59797707e+01, 1.94866562e+02,
       4.91592407e+01, 2.29119644e+02, 5.10281982e+01, 2.63643951e+02,
       5.24219017e+01, 2.98812897e+02, 5.22108040e+01, 3.35672150e+02,
       5.15780945e+01, 3.74192444e+02, 5.08468170e+01, 4.14724640e+02,
       5.13600502e+01, 1.19368622e+02, 7.56665497e+01, 1.52866379e+02,
       7.92929840e+01, 1.86350174e+02, 8.18183517e+01, 2.20678207e+02,
       8.41205063e+01, 2.55072617e+02, 8.47549820e+01, 2.90632782e+02,
       8.52884064e+01, 3.28304871e+02, 8.56509094e+01, 3.67378754e+02,
       8.60543747e+01, 4.08522156e+02, 8.61549911e+01, 1.10910294e+02,
       1.09671539e+02, 1.43997086e+02, 1.12979912e+02, 1.77645355e+02,
       1.15810921e+02, 2.11587509e+02, 1.17722694e+02, 2.46413925e+02,
       1.19119102e+02, 2.82641998e+02, 1.20581291e+02, 3.20829407e+02,
       1.22083809e+02, 3.60732239e+02, 1.23608917e+02, 4.02566956e+02,
       1.24877502e+02, 1.01558914e+02, 1.43845703e+02, 1.34857162e+02,
