image_width: 1280
image_height: 960
camera_name: raspicam_node
camera_matrix:
  rows: 3
  cols: 3
  data: [1256.178358, 0.000000, 629.469338, 0.000000, 1245.048610, 456.420505, 0.000000, 0.000000, 1.000000]
distortion_model: plumb_bob
distortion_coefficients:
  rows: 1
  cols: 5
  data: [-0.026946, -0.080131, -0.002995, 0.001467, 0.000000]
rectification_matrix:
  rows: 3
  cols: 3
  data: [1.000000, 0.000000, 0.000000, 0.000000, 1.000000, 0.000000, 0.000000, 0.000000, 1.000000]
projection_matrix:
  rows: 3
  cols: 4
  data: [1240.139282, 0.000000, 630.594538, 0.000000, 0.000000, 1237.191895, 454.344817, 0.000000, 0.000000, 0.000000, 1.000000, 0.000000]
